onset_ms
20.0
171.0
345.0
508.0
670.0
844.0
1000.0
1007.0
1170.0
1344.0
1506.0
1679.0
1842.0
2005.0
2178.0
2341.0
2503.0
2678.0
2840.0
3003.0
3177.0
3340.0
3502.0
3676.0
3849.0
4012.0
4174.0
4348.0
4511.0
4673.0
4847.0
5010.0
5172.0
5346.0
5509.0
5671.0
5845.0
6008.0
6170.0
6344.0
6507.0
6670.0
6844.0
7006.0
7179.0
7342.0
7504.0
7678.0
7841.0
8003.0
8177.0
8340.0
8502.0
8677.0
8840.0
9002.0
9176.0
9349.0
9500.0
9675.0
9849.0
10011.0
10020.0
10171.0
10174.0
10322.0
10348.0
10473.0
10510.0
10624.0
10673.0
10775.0
10847.0
10926.0
11077.0
11228.0
11379.0
11529.0
11670.0
11821.0
11972.0
12123.0
12274.0
12425.0
12576.0
12727.0
12878.0
13029.0
13179.0
13320.0
13471.0
13622.0
13773.0
13924.0
14075.0
14226.0
14377.0
14528.0
14679.0
14829.0
14970.0
15121.0
15272.0
15423.0
15574.0
15725.0
15876.0
16027.0
16178.0
16329.0
16479.0
16620.0
16771.0
16922.0
17073.0
17224.0
17375.0
17526.0
17677.0
17828.0
17979.0
18129.0
18270.0
18421.0
18572.0
18723.0
18874.0
19025.0
19176.0
19327.0
19478.0
19629.0
19779.0
19920.0
20000.0
20020.0
20071.0
20171.0
20222.0
20322.0
20373.0
20473.0
20524.0
20624.0
20675.0
20775.0
20826.0
20926.0
21077.0
21228.0
21379.0
21529.0
21670.0
21821.0
21972.0
22123.0
22274.0
22425.0
22576.0
22727.0
22878.0
23029.0
23179.0
23320.0
23471.0
23622.0
23773.0
23924.0
24075.0
24226.0
24377.0
24528.0
24679.0
24829.0
24970.0
25121.0
25272.0
25423.0
25574.0
25725.0
25876.0
26027.0
26178.0
26329.0
26479.0
26620.0
26771.0
26922.0
27073.0
27224.0
27375.0
27526.0
27677.0
27828.0
27979.0
28129.0
28270.0
28421.0
28572.0
28723.0
28874.0
29025.0
29176.0
29327.0
29478.0
29629.0
29779.0
29920.0
30000.0
30020.0
30071.0
30171.0
30222.0
30322.0
30373.0
30473.0
30524.0
30624.0
30675.0
30775.0
30826.0
30926.0
31077.0
31228.0
31379.0
31529.0
31670.0
31821.0
31972.0
32123.0
32274.0
32425.0
32576.0
32727.0
32878.0
33029.0
33179.0
33320.0
33471.0
33622.0
33773.0
33924.0
34075.0
34226.0
34377.0
34528.0
34679.0
34829.0
34970.0
35121.0
35272.0
35423.0
35574.0
35725.0
35876.0
36027.0
36178.0
36329.0
36479.0
36620.0
36771.0
36922.0
37073.0
37224.0
37375.0
37526.0
37677.0
37828.0
37979.0
38129.0
38270.0
38421.0
38572.0
38723.0
38874.0
39025.0
39176.0
39327.0
39478.0
39629.0
39779.0
39920.0
40000.0
40020.0
40071.0
40171.0
40222.0
40322.0
40373.0
40473.0
40524.0
40624.0
40675.0
40775.0
40826.0
40926.0
41077.0
41228.0
41379.0
41529.0
41670.0
41821.0
41972.0
42123.0
42274.0
42425.0
42576.0
42727.0
42878.0
43029.0
43179.0
43320.0
43471.0
43622.0
43773.0
43924.0
44075.0
44226.0
44377.0
44528.0
44679.0
44829.0
44970.0
45121.0
45272.0
45423.0
45574.0
45725.0
45876.0
46027.0
46178.0
46329.0
46479.0
46620.0
46771.0
46922.0
47073.0
47224.0
47375.0
47526.0
47677.0
47828.0
47979.0
48129.0
48270.0
48421.0
48572.0
48723.0
48874.0
49025.0
49176.0
49327.0
49478.0
49629.0
49779.0
49920.0
50000.0
50020.0
50071.0
50171.0
50222.0
50322.0
50373.0
50473.0
50524.0
50624.0
50675.0
50775.0
50826.0
50926.0
51077.0
51228.0
51379.0
51529.0
51670.0
51821.0
51972.0
52123.0
52274.0
52425.0
52576.0
52727.0
52878.0
53029.0
53179.0
53320.0
53471.0
53622.0
53773.0
53924.0
54075.0
54226.0
54377.0
54528.0
54679.0
54829.0
54970.0
55121.0
55272.0
55423.0
55574.0
55725.0
55876.0
56027.0
56178.0
56329.0
56479.0
56620.0
56771.0
56922.0
57073.0
57224.0
57375.0
57526.0
57677.0
57828.0
57979.0
58129.0
58270.0
58421.0
58572.0
58723.0
58874.0
59025.0
59176.0
59327.0
59478.0
59629.0
59779.0
59920.0
60000.0
60020.0
60071.0
60171.0
60222.0
60322.0
60373.0
60473.0
60524.0
60624.0
60675.0
60775.0
60826.0
60926.0
61077.0
61228.0
61379.0
61529.0
61670.0
61821.0
61972.0
62123.0
62274.0
62425.0
62576.0
62727.0
62878.0
63029.0
63179.0
63320.0
63471.0
63622.0
63773.0
63924.0
64075.0
64226.0
64377.0
64528.0
64679.0
64829.0
64970.0
65121.0
65272.0
65423.0
65574.0
65725.0
65876.0
66027.0
66178.0
66329.0
66479.0
66620.0
66771.0
66922.0
67073.0
67224.0
67375.0
67526.0
67677.0
67828.0
67979.0
68129.0
68270.0
68421.0
68572.0
68723.0
68874.0
69025.0
69176.0
69327.0
69478.0
69629.0
69779.0
69920.0
70000.0
70020.0
70071.0
70171.0
70222.0
70322.0
70373.0
70473.0
70524.0
70624.0
70675.0
70775.0
70826.0
70926.0
71077.0
71228.0
71379.0
71529.0
71670.0
71821.0
71972.0
72123.0
72274.0
72425.0
72576.0
72727.0
72878.0
73029.0
73179.0
73320.0
73471.0
73622.0
73773.0
73924.0
74075.0
74226.0
74377.0
74528.0
74679.0
74829.0
74970.0
75121.0
75272.0
75423.0
75574.0
75725.0
75876.0
76027.0
76178.0
76329.0
76479.0
76620.0
76771.0
76922.0
77073.0
77224.0
77375.0
77526.0
77677.0
77828.0
77979.0
78129.0
78270.0
78421.0
78572.0
78723.0
78874.0
79025.0
79176.0
79327.0
79478.0
79629.0
79779.0
79920.0
80000.0
80020.0
80071.0
80171.0
80222.0
80322.0
80373.0
80473.0
80524.0
80624.0
80675.0
80775.0
80826.0
80926.0
81077.0
81228.0
81379.0
81529.0
81670.0
81821.0
81972.0
82123.0
82274.0
82425.0
82576.0
82727.0
82878.0
83029.0
83179.0
83320.0
83471.0
83622.0
83773.0
83924.0
84075.0
84226.0
84377.0
84528.0
84679.0
84829.0
84970.0
85121.0
85272.0
85423.0
85574.0
85725.0
85876.0
86027.0
86178.0
86329.0
86479.0
86620.0
86771.0
86922.0
87073.0
87224.0
87375.0
87526.0
87677.0
87828.0
87979.0
88129.0
88270.0
88421.0
88572.0
88723.0
88874.0
89025.0
89176.0
89327.0
89478.0
89629.0
89779.0
89920.0
90000.0
90020.0
90071.0
90171.0
90222.0
90322.0
90373.0
90473.0
90524.0
90624.0
90675.0
90775.0
90826.0
90926.0
91077.0
91228.0
91379.0
91529.0
91670.0
91821.0
91972.0
92123.0
92274.0
92425.0
92576.0
92727.0
92878.0
93029.0
93179.0
93320.0
93471.0
93622.0
93773.0
93924.0
94075.0
94226.0
94377.0
94528.0
94679.0
94829.0
94970.0
95121.0
95272.0
95423.0
95574.0
95725.0
95876.0
96027.0
96178.0
96329.0
96479.0
96620.0
96771.0
96922.0
97073.0
97224.0
97375.0
97526.0
97677.0
97828.0
97979.0
98129.0
98270.0
98421.0
98572.0
98723.0
98874.0
99025.0
99176.0
99327.0
99478.0
99629.0
99779.0
99920.0
100000.0
100020.0
100071.0
100171.0
100222.0
100322.0
100373.0
100473.0
100524.0
100624.0
100675.0
100775.0
100826.0
100926.0
101077.0
101228.0
101379.0
101529.0
101670.0
101821.0
101972.0
102123.0
102274.0
102425.0
102576.0
102727.0
102878.0
103029.0
103179.0
103320.0
103471.0
103622.0
103773.0
103924.0
104075.0
104226.0
104377.0
104528.0
104679.0
104829.0
104970.0
105121.0
105272.0
105423.0
105574.0
105725.0
105876.0
106027.0
106178.0
106329.0
106479.0
106620.0
106771.0
106922.0
107073.0
107224.0
107375.0
107526.0
107677.0
107828.0
107979.0
108129.0
108270.0
108421.0
108572.0
108723.0
108874.0
109025.0
109176.0
109327.0
109478.0
109629.0
109779.0
109920.0
110000.0
110020.0
110071.0
110171.0
110222.0
110322.0
110373.0
110473.0
110524.0
110624.0
110675.0
110775.0
110826.0
110926.0
111077.0
111228.0
111379.0
111529.0
111670.0
111821.0
111972.0
112123.0
112274.0
112425.0
112576.0
112727.0
112878.0
113029.0
113179.0
113320.0
113471.0
113622.0
113773.0
113924.0
114075.0
114226.0
114377.0
114528.0
114679.0
114829.0
114970.0
115121.0
115272.0
115423.0
115574.0
115725.0
115876.0
116027.0
116178.0
116329.0
116479.0
116620.0
116771.0
116922.0
117073.0
117224.0
117375.0
117526.0
117677.0
117828.0
117979.0
118129.0
118270.0
118421.0
118572.0
118723.0
118874.0
119025.0
119176.0
119327.0
119478.0
119629.0
119779.0
119920.0
120000.0
120020.0
120071.0
120171.0
120222.0
120322.0
120373.0
120473.0
120524.0
120624.0
120675.0
120775.0
120826.0
120926.0
121077.0
121228.0
121379.0
121529.0
121670.0
121821.0
121972.0
122123.0
122274.0
122425.0
122576.0
122727.0
122878.0
123029.0
123179.0
123320.0
123471.0
123622.0
123773.0
123924.0
124075.0
124226.0
124377.0
124528.0
124679.0
124829.0
124970.0
125121.0
125272.0
125423.0
125574.0
125725.0
125876.0
126027.0
126178.0
126329.0
126479.0
126620.0
126771.0
126922.0
127073.0
127224.0
127375.0
127526.0
127677.0
127828.0
127979.0
128129.0
128270.0
128421.0
128572.0
128723.0
128874.0
129025.0
129176.0
129327.0
129478.0
129629.0
129779.0
129920.0
130000.0
130024.0
130071.0
130175.0
130222.0
130326.0
130373.0
130477.0
130524.0
130628.0
130675.0
130779.0
130826.0
130929.0
131080.0
131220.0
131371.0
131522.0
131673.0
131824.0
131975.0
132126.0
132277.0
132428.0
132579.0
132729.0
132870.0
133021.0
133172.0
133323.0
133474.0
133625.0
133776.0
133927.0
134078.0
134229.0
134379.0
134520.0
134671.0
134822.0
134973.0
135124.0
135275.0
135426.0
135577.0
135728.0
135879.0
136029.0
136170.0
136321.0
136472.0
136623.0
136774.0
136925.0
137076.0
137227.0
137378.0
137529.0
137679.0
137820.0
137971.0
138122.0
138273.0
138424.0
138575.0
138726.0
138877.0
139028.0
139179.0
139329.0
139470.0
139621.0
139772.0
139923.0
140000.0
140074.0
140225.0
140376.0
140527.0
140678.0
140829.0
