#TITLE:鐏肩啽 beach side bunny;
#ARTIST:DJ Mass MAD Izm*;
#FILE:庈擬Beach Side Bunny.mp3;
#BPM:153.010;
#GAP:1960;
#SAMPLESTART:39.213;
#SAMPLELENGTH:12.000;
#SINGLE:ANOTHER:11:
00000000
(4000400020020020)
(8000800060060060)
(2000200020020020)
{80000000000000001!4000000000000000B!66000000000000000000000000000000}
(6000600060060060)
(2000200020020020)
(4000400040040040)
(2000200020020020)
(8000800080080080)
(6000600060060060)
[204020400000608060800000]
[402080608020402080600000]
{9!99000000000000009!99000000000000009!9900000000009!9900000000009!99000000}
{9!99000000000000009!99000000000000009!9900000000009!9900000000009!99000000}
{1!11000000000000001!11000000000000001!1100000000001!1100000000001!11000000}
(6020206040624040)
(A060600040040040)
(2024200020060070)
(2060600040020040)
(1090109010010010)
{9!99000000000000009!99000000000000009!9900000000009!9900000000009!99000000}
{1!11000000000000001!11000000000000001!1100000000001!1100000000001!11000000}
{9!99000000000000009!99000000000000009!9900000000009!9900000000009!99000000}
(4060802064284682)
(B000B000B00B00B0)
(B0B0B000B00B00B0)
(B0B0B000B00B00B0)
ABAB8264
(8686806080608!8800)
(8060806080608!8800)
(6068606080606!6600)
(8068608080608!8800)
(2424202020204!4400)
(2424202040202!2200)
(2828208020802!2200)
(9!999!999!999!9946464646)
(4000200080020080)
(6000800020080020)
(4000200080020080)
(6080608060080020)
(4040404040040040)
(6060600060060060)
(2024202020020020)
(8020604080060020)
(6824602080B!B0B000)
(4286A080183!303000)
(2846A049401!101090)
(28207260403!303082)
(468240A4A09!909000)
(4242406868604020)
(80282820682!201!4040)
(A0B82428BAB08020)
(B000B000B00B00B0)
(A000A000A00A00A0)
(B000B000B00B00B0)
(A000A09010090010)
(9000900090090090)
(1000100010010010)
(9000900090090090)
(100010A0900A0010)
(9020402806842040)
(6020804208286040)
(8024206860828040)
(6824A6429424A682)
(9000A000100B0030)
(7000300070070030)
(3000A000100B0030)
{90000000200000009!909000002000000040000000600000008000000020000000}
(<83>000<83>000<83>00<83>00<83>0)
(<81>000<81>000<81>00<81>00<81>0)
(<83>000<83>000<83>00<83>00<83>0)
(<81>000<81>000<81>00<81>00<81>0)
(<8B>000<8B>000<8B>00<8B>00<8B>0)
(<61>000<61>000<61>00<61>00<61>0)
(<8B>0204060286<81>0682)
(<8B>0A01090109A0000)
;
#SINGLE:MANIAC:14:
00000000
(4080488020888820)
(8040802068860860)
(20<8B>020<8B>028820820)
{A0000000600000001!4000000080000000<3!37!8><83>000000000000000000000000000000}
(60A060A068860860)
(2090209028820820)
(4030403048840<83>40)
(20<8B>020<8B>028820920)
(8010803082280280)
(6010601068860860)
[A0B0A0B00000307030700000]
[703080307020703080<61>00000]
{9!99000000100000009!99000000100000009!99000000A0009!99000000A0009!99000000}
{9!99000000100000009!99000000100000009!99000000A0009!99000000A0009!99000000}
{1!11000000900000001!11000000900000001!11000000A0001!11000000A0001!11000000}
(9010A09040888040)
(8880908088880880)
(20888040A0490888)
(8088808070888080)
(A090109018818818)
{9!99000000100000009!99000000100000009!99000000A0009!99000000A0009!99000000}
{1!11000000900000001!11000000900000001!11000000A0001!11000000A0001!11000000}
{9!99000000100000009!99000000100000009!99000000A0009!99000000A0009!99000000}
(7088808088888682)
(B020B080B0AB0AB0)
(B0B0B080B0AB0AB0)
(B0B0B020B0AB0AB0)
(A0B0A0B086A49276)
(8888808080808!8800)
(8080808080808!8800)
(8088808080808!8800)
(8088808080808!8800)
(2222202020202!2200)
(2222202020202!2200)
(2222202020202!2200)
(9!999!999!999!9919191919)
(1080208808888081)
(9040802880888830)
(7088809088888040)
(<8B>272B0<81>022226666)
(7276727670070010)
(9294901090888090)
(A03430A018886664)
(A0A0B070AB294916)
(888880A0A0B!B0B000)
(88888080888!808000)
(88888088808!808080)
(88808880808!808088)
(88888088808!808000)
(88888088888010A0)
(9088888088807!7070)
(A0B82738BAB0A030)
(B282B828B28B82B0)
(A464A646A46A64A0)
(B828B282B28B82B0)
(A4282492482<8B>2842)
(9242942492494290)
(1868186818616810)
(9424924292494290)
(186816A4946A4618)
(B828B0380384A040)
(B826A04A0928B040)
(<8B>264A06730729070)
(3824A6429424A682)
`900000000000400000000000600000000000400000000000800000000000600000000000800000000000600000000000100000008000000020000000800000002000400000000000800000000000400000000000200000000000600000000000'
`400000000000200000000000800000000000400000000000600000000000800000000000600000000000200000000000400000006000000020000000600000002000800000000000600000000000400000000000800000000000600000000000'
`800000000000400000000000600000000000400000000000A00000000000600000000000800000000000600000000000100000008000000020000000800000002000600000000000800000000000400000000000300000000000400000000000'
`9000000000004000000000002000000000004000000000009!900000900000400000000000A00000000000600000000000100000008000000020000000800000004000000020000000800000000000600000000000200000000000400000000000'
(<83>4283286A4296834)
(A6827824A6814274)
(<83>4283286A82986A4)
(A682768274278672)
(B282B282B28B28B2)
(B828B828B82B82B8)
(942918674A6A4682)
(76A6186246190000)
;
#SINGLE:SMANIAC:15:
00000000
(4080488020888820)
(8040802068860860)
(20<8B>020<8B>028820820)
{A0000000600000001!4000000080000000<3!37!8><83>000000000000000000000000000000}
(60A060A068860860)
(2090209028820820)
(4030403048840<83>40)
(20<8B>020<8B>028820920)
(8010803082280280)
(6010601068860860)
[A0B0A0B00000307030700000]
[703080307020703080<61>00000]
{9!99000000100000009!99000000100000009!99000000A0009!99000000A0009!99000000}
{9!99000000100000009!99000000100000009!99000000A0009!99000000A0009!99000000}
{1!11000000900000001!11000000900000001!11000000A0001!11000000A0001!11000000}
(9010A09040888040)
(8890908078870870)
(20888040A0490878)
(8098908070828070)
(<81>090109018818818)
{9!99000000100000009!99000000100000009!99000000A0009!99000000A0009!99000000}
{1!11000000900000001!11000000900000001!11000000A0001!11000000A0001!11000000}
{9!99000000100000009!99000000100000009!99000000A0009!99000000A0009!99000000}
(709880A097A87682)
(<8B>020B080B0AB0AB0)
(B0B0B080B0AB0AB0)
(B0B0B020B0AB0AB0)
(A0B0A0B086A49276)
(8888808080808!8800)
(8080808080808!8800)
(8088808080808!8800)
(8088808080808!8800)
(2222202020202!2200)
(2222202020202!2200)
(2222202020202!2200)
(9!999!999!999!9919191919)
(1080208808888081)
(90408028A0788830)
(7088A090888A8040)
(<8B>272B0<81>0322A6636)
(7777777770070010)
(9294901090898090)
(A03430A0188AB634)
(A0A0B070AB294916)
(AAAAA0A0A0B!B0B000)
(99999090333!303000)
(77777011101!101090)
(99901110103!3030AA)
(AAAAA099909!909000)
(BBBBB0AAAAA010A0)
(90999990<81><81><72!2>0<27!7>070)
(A0<8B>A1737<61><81><8B>0A030)
(BAAABAAABAABAAB0)
(ABBBABBBABBABBA0)
(BAAABAAABAABAAB0)
(A428A492182<8B>2812)
(9111911191191190)
(1999199919919910)
(9111911191191190)
(186816A4946A4618)
(B828B0380384A040)
(B8A6A04A0928B040)
(<8B>234A06730729070)
(3824A6429424A682)
`900000000000400000000000600000000000400000000000A00000000000600000000000800000000000600000000000100000008000000020000000800000002000B00000000000800000000000400000000000300000000000600000000000'
`700000000000200000000000800000000000400000000000300000000000800000000000600000000000200000000000700000006000000020000000600000002000700000000000600000000000400000000000300000000000800000000000'
`300000000000400000000000600000000000400000000000A00000000000600000000000800000000000600000000000100000008000000020000000800000002000B00000000000800000000000400000000000300000000000400000000000'
`9000000000004000000000002000000000004000000000009!900000900000400000000000A00000000000600000000000100000008000000020000000900000004000000020000000800000000000600000000000200000000000400000000000'
(<83>428<83>286<83>42<83>68<83>4)
(<81>682<81>824<81>68<81>42<81>4)
(<83>428<83>286<83>82<83>86<83>4)
(<81>682<81>682<81>42<81>86<81>2)
(<8B>282<8B>282<8B>28<8B>28<8B>2)
(<61>828<61>828<61>82<61>82<61>8)
(<8B>42918671A9<81>49A1)
(<8B>6A6189216<19><19>0000)
;
